MDynamics
0 64 65 71 72 75 76 66 67 90 91 95 96 79 80 92 93 97 98 81 82 85 86 87 88 70 69
MDynamicsMB
0 83 94 101 102 114 115 84 123 130 131 143 144 85 152 159 160 172 173 85 181 188 189 201 202 70 69 4 4 4 4 1 2
MDynamicEq
0 68 71 82 93 104 69 152 72 83 94 105 153 74 73 84 95 106 107 75 77 88 99 110 108 64 159 65 66 67 1 65 66
MTurboReverb
0 3 8 0 1 2 40 10 9 28 29 42 43 26 35 28 41 49 48 20 16 17 18 19 21 58 59 61 56 57 64 71 11
MSpectralDynamics
0 70 71 75 76 79 80 72 73 88 89 93 94 87 92 90 91 95 96 0 82 83 84 85 86 65 66 67 68 4 4 70 71
MAutoDynamicEq
0 69 72 83 94 105 70 190 73 84 95 106 191 75 74 85 96 107 108 76 78 89 100 111 109 64 199 65 66 67 2 65 66
MEqualizer
0 67 4 11 18 25 32 39 5 12 19 26 33 40 6 13 20 27 34 41 8 15 22 29 36 43 0 51 67 1 2 67 65
MTransformer
0 67 64 65 66 88 67 68 69 87 70 71 72 73 40 6 13 20 27 34 41 8 15 22 29 36 43 0 51 67 1 2 67
SplitEQ
0 15 30 45 60 75 90 16 31 46 61 76 91 14 29 44 59 74 89 18 33 48 63 78 93 128 129 123 125 118 120
Unfiltered Audio Dent 2
0 1396746650 1396746650 2070233 79847297 80095994 270290478 1013653295 1952381779 341617779 76215547 76217857 59557201 784326625 1761926550 2070822 2029770765 13936686 377307157 940575186 215706805 718813922 718685256 1431145524 1334978820 1547483410 0 0 0 0 0 0 1396746650
Unfiltered Audio Bass Mint
0 3357091 3357091 798419949 1791316033 1250532947 109403690 853581844 474176659 510470519 3536095 1823676482 1318744698 773352680 0 0 0 0 0 0 0 0 0 0 0 0 0 0 0 0 0 0 0
ADA STD-1 Stereo Tapped Delay
0 1282820462 1298757708 1298757714 1280275828 1382501494 1380477251 1299148399 1382503536 1178889337 1129737592 1147959635 1147959629 1381265457 1381265458 1381265459 1381265460 1381265461 1381265462 0 0 0 0 0 0 0 0 0 0 0 0 1282820462 1280275828
Unfiltered Audio Zip
0 240125031 2104342424 458490955 78733291 2343267 1450180802 1971575400 607764455 65290051 59557201 733988274 1076326528 0 0 0 0 0 0 0 0 0 0 0 0 0 0 0 0 0 240125031 2104342424 458490955
Unfiltered Audio lo-fi-af
0 962376260 1965450938 2116356218 265611013 1844021651 2145441004 1216656944 1078151692 3024134 109698003 3146217 106931267 1791316033 104998682 1040127981 96509 108124 1317791386 0 0 0 0 0 0 0 0 0 0 0 0 962376260 1040127981
Maag EQ4
0 1400201799 1280141639 1214867271 1097429574 0 0 1349482354 1282373447 1213032775 1097429575 1281717868 0 0 1 0 0 0 0 0 0 0 0 0 0 0 0 0 0 0 0 0 0
Maag MAGNUM-K
0 1197566257 1129473841 1129477169 1129605169 1128363057 1129475121 1263822897 1280132657 1280140849 1098008369 1098008113 1298230065 1197566258 1129473842 1129477170 1129605170 1128363058 1129475122 1263822898 1280132658 1280140850 1098008370 1098008114 1298230065 1299074411 1398237540 1296918904 1397256262 0 0 1197566257 1298230065
Pro-Q 3
0 2 15 28 41 54 67 3 16 29 42 55 68 7 20 33 46 59 72 9 22 35 48 61 74 8 21 34 47 60 73 0
Pro-C 2
0 1 2 5 6 10 11 3 4 8 9 12 13 7 14 0 34 35 37 40 41 39 15 16 17 20 21 22 29 30 31 0
Saturn 2
0 10 22 11 18 17 7 8 9 13 14 15 16 5 6 0 2 0 0 0 0 0 0 0 0 0 0 0 0 0 0 0
Pro-R
0 2 3 4 0 74 1 5 6 7 20 33 46 8 21 77 79 0 0 0 0 0 0 0 0 0 0 0 0 0 0 0
Pro-MB
0 6 28 50 72 1 3 7 29 51 73 23 25 9 31 53 75 45 47 10 32 54 76 67 69 13 35 57 79 89 91 0
ValhallaVintageVerb
0 48 50 56 55 51 57 49 1573 54 53 52 1567 1572 1568 1570 0 0 0 0 1569 1571 0 0 0 0 0 0 0 0 0 0


